3nodes
PDRTASA = 58.6972298459617
Interval_conf_TASA_PDR: 19.44898873508168 
PDRLBV = 65.86773519835847
Interval_conf_LBV_PDR: 15.4074183905495 
RELTASA = 0.41302770154038304
Interval_conf_TASA_confiabilidade: 0.1944898873508168 
RELLBV = 0.34132264801641543
Interval_conf_LBV_confiabilidade: 0.15407418390549502 
THTASA = 68.56784938651981
Interval_conf_THTASA: 28.88756778973563 
THLBV = 124.04417850927696
Interval_conf_THLBV: 42.686236149513086 
